79,79,80,80,69,16000,21581,24697,27973,16976
79,79,80,80,69,16000,21581,24697,27973,12582
79,79,80,80,69,16000,21581,24697,27973,11021
80,69,69,69,69,27973,12582,11021,16976,241
69,69,69,69,79,12582,11021,16976,241,82799
69,69,69,69,94,12582,11021,16976,241,16510
69,69,69,69,94,12582,11021,16976,241,432678
69,69,69,69,109,12582,11021,16976,241,81402
69,69,69,69,109,12582,11021,16976,241,245242
69,69,69,69,109,12582,11021,16976,241,241221
69,69,69,69,109,12582,11021,16976,241,237950
69,69,69,69,109,12582,11021,16976,241,432762
69,69,69,69,109,12582,11021,16976,241,434353
69,69,69,69,123,12582,11021,16976,241,54078
69,69,69,69,124,12582,11021,16976,241,379714
69,69,69,69,124,12582,11021,16976,241,379522
69,69,69,69,124,12582,11021,16976,241,321444
69,69,69,69,124,12582,11021,16976,241,525777
69,69,69,69,126,12582,11021,16976,241,314680
69,69,69,69,125,12582,11021,16976,241,527028
69,69,69,69,126,12582,11021,16976,241,20907
69,69,69,69,141,12582,11021,16976,241,13606
69,69,69,69,142,12582,11021,16976,241,529760
69,69,69,69,141,12582,11021,16976,241,20377
69,69,69,69,140,12582,11021,16976,241,496302
69,69,69,69,140,12582,11021,16976,241,241192
69,69,69,69,140,12582,11021,16976,241,27387
69,69,69,69,155,12582,11021,16976,241,10560
69,69,69,69,156,12582,11021,16976,241,226399
69,69,69,69,157,12582,11021,16976,241,387892
69,69,69,69,173,12582,11021,16976,241,56844
69,69,69,69,174,12582,11021,16976,241,234546
69,69,69,69,175,12582,11021,16976,241,387835
69,69,69,69,175,12582,11021,16976,241,386721
69,69,69,69,190,12582,11021,16976,241,74222
69,69,69,69,189,12582,11021,16976,241,369723
69,69,69,69,205,12582,11021,16976,241,82383
69,69,69,69,217,12582,11021,16976,241,70658
69,69,69,69,233,12582,11021,16976,241,53000
69,69,69,69,232,12582,11021,16976,241,2209
69,69,69,69,246,12582,11021,16976,241,71689
69,69,69,69,246,12582,11021,16976,241,428142
69,69,69,69,247,12582,11021,16976,241,237307
69,69,69,69,261,12582,11021,16976,241,81553
69,69,69,69,277,12582,11021,16976,241,136801
69,69,69,69,294,12582,11021,16976,241,82245
69,69,69,69,310,12582,11021,16976,241,119465
69,69,69,69,325,12582,11021,16976,241,117758
69,69,69,69,340,12582,11021,16976,241,17073
69,69,69,69,355,12582,11021,16976,241,67610
69,69,69,69,370,12582,11021,16976,241,64246
69,69,69,69,385,12582,11021,16976,241,2538
69,69,69,69,400,12582,11021,16976,241,38781
69,69,69,232,415,11021,16976,241,2209,46573
69,69,69,232,430,11021,16976,241,2209,14016
69,69,69,232,445,11021,16976,241,2209,3110
69,69,69,232,460,11021,16976,241,2209,3268
69,69,69,232,460,11021,16976,241,2209,34112
69,69,69,232,474,11021,16976,241,2209,4154
69,69,69,232,490,11021,16976,241,2209,260135
69,69,69,232,505,11021,16976,241,2209,17864
69,69,69,232,520,11021,16976,241,2209,40699
69,69,69,232,535,11021,16976,241,2209,292934
69,69,69,232,550,11021,16976,241,2209,121394
69,69,69,232,563,11021,16976,241,2209,27896
69,69,69,232,579,11021,16976,241,2209,20646
69,232,385,445,565,241,2209,2538,3110,165481
69,232,385,445,580,241,2209,2538,3110,100412
232,385,445,460,580,2209,2538,3110,3268,223426
232,385,445,460,595,2209,2538,3110,3268,100371
232,385,445,460,610,2209,2538,3110,3268,15650
385,445,460,474,610,2538,3110,3268,4154,15637
385,445,460,474,625,2538,3110,3268,4154,20277
445,460,474,155,625,3110,3268,4154,10560,157509
460,474,155,141,625,3268,4154,10560,13606,94423
474,155,141,94,625,4154,10560,13606,16510,17090
155,141,94,430,625,10560,13606,16510,14016,149586
141,94,430,340,625,13606,16510,14016,17073,264355
94,430,340,126,640,16510,14016,17073,20907,174933
430,340,126,141,655,14016,17073,20907,20377,85404
340,126,141,505,655,17073,20907,20377,17864,24887
126,141,505,610,655,20907,20377,17864,15650,16820
141,505,610,610,655,20377,17864,15650,15637,77450
505,610,610,579,655,17864,15650,15637,20646,8621
610,610,579,140,670,15650,15637,20646,27387,23767
610,579,140,625,670,15637,20646,27387,20277,7978
579,140,625,625,670,20646,27387,20277,17090,4363
140,625,625,563,670,27387,20277,17090,27896,250936
625,625,563,655,670,20277,17090,27896,8621,248738
625,563,655,670,670,17090,27896,8621,4363,63932
563,655,670,670,670,27896,8621,4363,7978,243599
655,670,670,460,685,8621,4363,7978,34112,128877
670,670,460,655,685,4363,7978,34112,16820,59961
670,460,655,400,685,7978,34112,16820,38781,161884
460,655,400,520,685,34112,16820,38781,40699,124708
655,400,520,655,685,16820,38781,40699,24887,116584
400,520,655,415,685,38781,40699,24887,46573,26671
520,655,415,670,685,40699,24887,46573,23767,120147
655,415,670,123,685,24887,46573,23767,54078,54056
415,670,123,233,685,46573,23767,54078,53000,112695
670,123,233,173,685,23767,54078,53000,56844,20719
123,233,173,370,685,54078,53000,56844,64246,95123
233,173,370,355,685,53000,56844,64246,67610,36433
370,355,217,246,670,64246,67610,70658,71689,31508
370,355,217,246,685,64246,67610,70658,71689,26807
217,246,190,685,670,70658,71689,74222,26671,22174
246,190,685,685,670,71689,74222,26671,20719,24063
246,190,685,685,685,71689,74222,26671,20719,15080
109,79,261,205,640,81402,82799,81553,82383,14867
109,79,261,205,655,81402,82799,81553,82383,10072
79,261,205,294,655,82799,81553,82383,82245,10040
294,655,685,655,625,82245,10072,15080,10040,27847
655,685,655,640,625,10072,15080,10040,14867,24639
655,685,655,640,640,10072,15080,10040,14867,19470
655,685,655,640,655,10072,15080,10040,14867,268654
655,685,655,640,670,10072,15080,10040,14867,126414
685,655,640,670,670,15080,10040,14867,22174,9901
655,640,670,685,670,10040,14867,22174,26807,9382
640,670,685,670,670,14867,22174,26807,63932,23358
640,670,685,670,685,14867,22174,26807,63932,51953
670,685,670,685,685,22174,26807,63932,59961,14640
685,670,685,655,685,26807,63932,59961,77450,14530
670,685,655,670,685,63932,59961,77450,24063,12200
685,655,670,670,685,59961,77450,24063,31508,95970
655,670,670,655,685,77450,24063,31508,85404,42537
670,670,655,685,685,24063,31508,85404,36433,3853
670,655,685,685,685,31508,85404,36433,54056,34442
655,685,685,625,685,85404,36433,54056,94423,45187
685,685,625,580,685,36433,54056,94423,100412,1914
685,625,580,595,685,54056,94423,100412,100371,7299
625,580,595,670,685,94423,100412,100371,9901,19845
580,595,670,670,685,100412,100371,9901,9382,15701
595,670,670,685,685,100371,9901,9382,1914,97969
670,670,685,685,685,9901,9382,1914,3853,31339
670,685,685,685,685,9382,1914,3853,12200,30795
685,685,685,685,685,1914,3853,12200,14640,83213
685,685,685,685,685,3853,12200,14640,7299,81210
685,685,685,685,685,12200,14640,7299,14530,1232
685,685,685,640,685,14640,7299,14530,19470,168171
685,685,640,685,685,7299,14530,19470,1232,59197
685,640,685,325,685,14530,19470,1232,117758,92426
640,685,325,310,685,19470,1232,117758,119465,18251
685,325,310,625,685,1232,117758,119465,24639,106222
325,310,625,625,685,117758,119465,24639,27847,77689
310,625,625,670,685,119465,24639,27847,23358,55522
625,625,670,685,685,24639,27847,23358,15701,25141
625,670,685,550,685,27847,23358,15701,121394,103092
670,685,550,685,685,23358,15701,121394,19845,15070
685,550,685,277,685,15701,121394,19845,136801,53173
550,685,277,685,685,121394,19845,136801,18251,36862
685,277,685,685,685,19845,136801,18251,34442,39873
277,685,685,685,685,136801,18251,34442,31339,149443
685,685,685,685,670,34442,31339,15070,30795,37358
685,685,685,685,655,15070,30795,42537,25141,47906
685,685,685,685,640,42537,25141,51953,45187,440
685,685,640,685,625,51953,45187,440,95123,22030
685,640,685,685,625,45187,440,95123,116584,9428
640,685,685,685,625,440,95123,116584,112695,104076
640,685,685,685,640,440,95123,116584,112695,80636
640,685,685,685,655,440,95123,116584,112695,102632
685,685,625,685,640,116584,112695,149586,128877,50993
685,625,685,625,640,112695,149586,128877,157509,81910
625,685,625,685,640,149586,128877,157509,124708,43554
685,625,685,685,640,128877,157509,124708,120147,122607
625,685,685,565,640,157509,124708,120147,165481,223137
685,565,625,685,625,120147,165481,9428,36862,29085
625,685,685,685,610,9428,36862,59197,55522,9067
685,685,685,685,610,36862,59197,55522,39873,214965
685,685,685,670,610,59197,55522,39873,37358,10613
685,685,670,625,610,55522,39873,37358,22030,173823
685,670,625,610,610,39873,37358,22030,9067,21457
670,625,610,685,610,37358,22030,9067,53173,30172
625,610,685,610,610,22030,9067,53173,10613,58929
610,685,610,640,610,9067,53173,10613,174933,70977
685,610,640,685,610,53173,10613,174933,81210,76210
610,640,685,655,610,10613,174933,81210,47906,4119
640,685,655,685,610,174933,81210,47906,83213,24304
655,685,685,685,595,47906,83213,95970,77689,99326
685,685,610,685,580,95970,77689,4119,161884,16216
685,610,685,625,580,77689,4119,161884,29085,111558
610,685,625,685,580,4119,161884,29085,97969,8196
685,625,685,610,580,161884,29085,97969,21457,197388
625,685,610,685,580,29085,97969,21457,92426,202874
685,610,685,640,580,97969,21457,92426,43554,59889
610,685,640,580,580,21457,92426,43554,8196,7451
685,640,580,640,580,92426,43554,8196,50993,227949
640,580,640,580,580,43554,8196,50993,16216,12792
580,640,580,610,580,8196,50993,16216,30172,40139
580,610,610,580,565,16216,30172,24304,7451,78940
610,610,580,670,565,30172,24304,7451,126414,20907
610,580,670,156,580,24304,7451,126414,226399,154995
580,670,156,685,580,7451,126414,226399,106222,130439
670,156,685,685,580,126414,226399,106222,103092,45578
156,685,685,580,580,226399,106222,103092,223426,36622
685,580,580,174,580,103092,223426,12792,234546,24480
580,580,174,109,595,223426,12792,234546,237950,26523
580,174,109,247,610,12792,234546,237950,237307,179027
174,109,247,109,625,234546,237950,237307,241221,64614
109,247,109,140,638,237950,237307,241221,241192,14651
247,109,140,109,653,237307,241221,241192,245242,14453
109,140,109,565,653,241221,241192,245242,20907,8025
610,580,655,625,458,70977,36622,102632,104076,6149
580,655,625,610,458,36622,102632,104076,76210,4380
655,625,610,580,458,102632,104076,76210,59889,15961
625,610,580,580,458,104076,76210,59889,45578,50243
580,580,458,458,443,59889,45578,6149,4380,52363
580,458,458,670,443,45578,6149,4380,243599,6673
458,458,670,670,443,6149,4380,243599,248738,91944
458,670,670,625,443,4380,243599,248738,264355,142121
670,670,625,670,443,243599,248738,264355,250936,27958
670,625,670,685,443,248738,264355,250936,168171,58286
625,670,685,443,443,264355,250936,168171,6673,54816
670,685,443,458,443,250936,168171,6673,15961,6086
685,443,458,685,443,168171,6673,15961,149443,16758
443,458,685,640,443,6673,15961,149443,122607,106029
458,685,640,443,443,15961,149443,122607,6086,113008
685,640,443,535,443,149443,122607,6086,292934,20894
640,443,535,595,443,122607,6086,292934,99326,6021
443,535,595,565,443,6086,292934,99326,78940,7281
535,595,565,625,443,292934,99326,78940,64614,29421
595,565,625,443,443,99326,78940,64614,6021,20831
565,625,443,443,443,78940,64614,6021,16758,9760
625,443,443,443,443,64614,6021,16758,7281,18648
443,443,443,443,443,6021,16758,7281,27958,35730
443,443,443,126,457,16758,7281,27958,314680,35722
443,443,126,580,457,7281,27958,314680,111558,22480
443,126,580,443,457,27958,314680,111558,9760,4251
126,580,443,443,457,314680,111558,9760,20894,5013
580,443,443,124,471,111558,9760,20894,321444,40474
443,443,124,457,471,9760,20894,321444,4251,13179
443,124,457,457,471,20894,321444,4251,5013,21595
457,457,458,443,456,4251,5013,50243,20831,5622
457,458,443,443,456,5013,50243,20831,18648,13577
458,443,443,443,456,50243,20831,18648,52363,21868
443,443,443,456,456,20831,18648,52363,5622,4458
443,443,456,443,456,18648,52363,5622,29421,6863
443,456,443,471,456,52363,5622,29421,13179,56472
456,443,471,456,456,5622,29421,13179,4458,31407
443,471,456,457,456,29421,13179,4458,22480,25545
456,457,456,456,441,4458,22480,6863,13577,9256
443,443,471,443,396,54816,58286,21595,35730,6156
471,443,457,441,381,21595,35730,35722,9256,39119
443,457,441,456,381,35730,35722,9256,21868,4565
457,441,456,396,381,35722,9256,21868,6156,8687
441,456,396,381,381,9256,21868,6156,4565,42140
456,396,381,610,381,21868,6156,4565,173823,96666
396,381,610,580,381,6156,4565,173823,130439,13812
610,580,471,381,366,173823,130439,40474,8687,20970
443,124,124,580,291,91944,379522,379714,154995,83398
124,124,580,366,291,379522,379714,154995,20970,80207
124,580,366,175,306,379714,154995,20970,386721,36438
580,366,175,157,321,154995,20970,386721,387892,113209
175,157,175,381,320,386721,387892,387835,39119,52008
157,175,381,456,320,387892,387835,39119,56472,28990
175,381,456,640,320,387835,39119,56472,223137,61756
381,456,640,610,320,39119,56472,223137,214965,9102
456,640,610,381,320,56472,223137,214965,42140,14229
640,610,381,443,320,223137,214965,42140,106029,113628
610,381,443,320,320,214965,42140,106029,9102,69650
381,443,320,580,320,42140,106029,9102,197388,12535
443,320,580,443,320,106029,9102,197388,113008,50572
320,580,443,320,320,9102,197388,113008,14229,28140
580,443,320,580,320,197388,113008,14229,202874,34947
443,320,580,610,320,113008,14229,202874,179027,20468
320,580,610,320,320,14229,202874,179027,12535,55321
580,610,320,320,320,202874,179027,12535,28990,30574
320,320,306,443,305,12535,28990,36438,142121,27232
320,306,443,246,320,28990,36438,142121,428142,6819
306,443,246,94,335,36438,142121,428142,432678,53819
246,94,109,109,350,428142,432678,432762,434353,27497
109,109,320,320,335,432762,434353,6819,20468,4124
109,320,320,320,335,434353,6819,20468,28140,3150
320,320,320,335,335,6819,20468,28140,4124,39620
320,320,335,320,335,20468,28140,4124,52008,6055
320,335,320,335,335,28140,4124,52008,3150,68525
335,320,335,580,335,4124,52008,3150,227949,16011
320,335,580,335,335,52008,3150,227949,6055,27017
335,580,335,320,335,3150,227949,6055,34947,59965
580,335,320,320,335,227949,6055,34947,30574,47850
335,320,320,305,335,6055,34947,30574,27232,39958
320,320,305,381,335,34947,30574,27232,96666,35422
320,305,381,320,335,30574,27232,96666,61756,27196
305,381,320,320,335,27232,96666,61756,50572,27447
320,350,335,291,305,50572,27497,16011,80207,14547
350,335,291,291,305,27497,16011,80207,83398,42452
335,291,291,320,305,16011,80207,83398,55321,30576
291,291,320,320,305,80207,83398,55321,69650,13514
291,320,320,335,305,83398,55321,69650,27017,42882
320,320,335,305,305,55321,69650,27017,14547,19769
320,335,305,335,305,69650,27017,14547,39620,13119
335,305,335,335,305,27017,14547,39620,53819,6237
305,335,335,335,305,14547,39620,53819,27196,37601
335,335,335,335,305,39620,53819,27196,27447,29885
335,335,305,335,290,27196,27447,13514,35422,52978
335,305,335,305,290,27447,13514,35422,6237,13138
290,305,305,335,170,13138,30576,42452,59965,40868
305,305,335,335,170,30576,42452,59965,68525,21708
335,335,320,305,155,59965,68525,113628,29885,15257
335,320,305,305,155,68525,113628,29885,42882,21257
320,305,305,305,155,113628,29885,42882,37601,22275
305,305,305,124,170,29885,42882,37601,525777,10498
305,305,124,125,185,42882,37601,525777,527028,92220
305,124,125,142,199,37601,525777,527028,529760,20887
124,125,142,155,199,525777,527028,529760,15257,9557
125,142,155,170,199,527028,529760,15257,21708,14515
142,155,170,170,199,529760,15257,21708,10498,17272
155,170,170,155,199,15257,21708,10498,21257,7200
170,170,155,199,199,21708,10498,21257,9557,13664
170,155,199,290,199,10498,21257,9557,52978,15919
155,199,290,155,199,21257,9557,52978,22275,16087
199,290,155,199,199,9557,52978,22275,7200,63200
290,155,199,199,199,52978,22275,7200,14515,20070
155,199,199,199,199,22275,7200,14515,20887,13395
199,199,170,199,184,14515,20887,40868,17272,20171
199,170,199,199,184,20887,40868,17272,13664,11306
170,199,199,199,184,40868,17272,13664,15919,16836
199,199,199,199,184,17272,13664,15919,16087,10709
199,199,199,199,184,13664,15919,16087,13395,196699
199,199,199,184,184,15919,16087,13395,11306,3725
199,199,184,199,184,16087,13395,11306,20070,16116
199,184,199,184,184,13395,11306,20070,3725,9948
199,184,184,184,169,20070,3725,10709,20171,28716
184,184,184,184,139,20171,16836,9948,16116,14058
184,184,184,139,139,16836,9948,16116,14058,8329
184,184,139,169,139,9948,16116,14058,28716,7018
184,139,169,139,139,16116,14058,28716,8329,90842
139,169,139,139,139,14058,28716,8329,7018,5703
169,139,139,199,139,28716,8329,7018,63200,13200
139,139,199,139,139,8329,7018,63200,5703,7503
139,199,139,185,139,7018,63200,5703,92220,143106
199,139,185,139,139,63200,5703,92220,7503,91642
139,185,139,139,139,5703,92220,7503,13200,72345
139,185,139,139,154,5703,92220,7503,13200,69888
139,185,139,139,169,5703,92220,7503,13200,87885
139,185,139,139,184,5703,92220,7503,13200,265470
139,185,139,139,199,5703,92220,7503,13200,90503
139,185,139,139,214,5703,92220,7503,13200,57739
139,185,139,139,229,5703,92220,7503,13200,106459
139,185,139,139,243,5703,92220,7503,13200,55880
139,185,139,139,259,5703,92220,7503,13200,5747
139,185,139,139,274,5703,92220,7503,13200,76842
139,185,139,139,289,5703,92220,7503,13200,197150
139,185,139,139,304,5703,92220,7503,13200,73845
139,185,139,139,319,5703,92220,7503,13200,70873
139,185,139,139,334,5703,92220,7503,13200,90196
139,185,139,139,349,5703,92220,7503,13200,73142
139,185,139,139,364,5703,92220,7503,13200,171269
139,185,139,139,379,5703,92220,7503,13200,400438
139,185,139,139,394,5703,92220,7503,13200,100591
139,185,139,139,409,5703,92220,7503,13200,56908
139,185,139,139,424,5703,92220,7503,13200,400556
139,185,139,139,439,5703,92220,7503,13200,69084
139,185,139,139,454,5703,92220,7503,13200,34581
139,185,139,139,469,5703,92220,7503,13200,91696
139,185,139,139,484,5703,92220,7503,13200,35119
139,185,139,139,499,5703,92220,7503,13200,73788
139,185,139,139,514,5703,92220,7503,13200,42892
139,185,139,139,529,5703,92220,7503,13200,194576
139,185,139,139,544,5703,92220,7503,13200,43999
139,185,139,139,559,5703,92220,7503,13200,46347
139,185,139,139,573,5703,92220,7503,13200,44186
139,185,139,139,592,5703,92220,7503,13200,47112
139,185,139,139,607,5703,92220,7503,13200,5562
139,185,139,139,621,5703,92220,7503,13200,34931
139,185,139,139,636,5703,92220,7503,13200,38445
139,185,139,139,652,5703,92220,7503,13200,34037
139,185,139,139,667,5703,92220,7503,13200,8017
139,185,139,139,681,5703,92220,7503,13200,6386
139,185,139,139,696,5703,92220,7503,13200,6945
139,185,139,139,711,5703,92220,7503,13200,5956
139,185,139,139,725,5703,92220,7503,13200,7294
139,185,139,139,741,5703,92220,7503,13200,5527
139,185,139,139,757,5703,92220,7503,13200,8200
139,185,139,139,772,5703,92220,7503,13200,8405
185,139,139,259,772,92220,7503,13200,5747,10723
185,139,139,259,787,92220,7503,13200,5747,8984
185,139,139,259,802,92220,7503,13200,5747,8314
185,139,139,259,817,92220,7503,13200,5747,9792
185,139,139,259,828,92220,7503,13200,5747,10719
185,139,139,259,844,92220,7503,13200,5747,13416
185,139,139,259,859,92220,7503,13200,5747,11069
185,139,139,259,873,92220,7503,13200,5747,14011
185,139,139,259,887,92220,7503,13200,5747,15058
185,139,139,259,903,92220,7503,13200,5747,15431
185,139,139,259,918,92220,7503,13200,5747,16508
185,139,139,259,934,92220,7503,13200,5747,16113
185,139,139,259,948,92220,7503,13200,5747,16866
185,139,139,259,964,92220,7503,13200,5747,18862
185,139,139,259,979,92220,7503,13200,5747,18115
185,139,139,259,994,92220,7503,13200,5747,16902
185,139,139,259,1009,92220,7503,13200,5747,17288
139,139,259,607,1009,7503,13200,5747,5562,16339
139,259,607,741,1009,13200,5747,5562,5527,15132
259,607,741,711,1009,5747,5562,5527,5956,15963
607,741,711,681,994,5562,5527,5956,6386,69697
741,711,681,696,979,5527,5956,6386,6945,1035355
711,681,696,725,964,5956,6386,6945,7294,101936
681,696,725,667,949,6386,6945,7294,8017,100237
696,725,667,757,934,6945,7294,8017,8200,2174935
725,667,757,772,919,7294,8017,8200,8405,1038006
667,757,772,802,904,8017,8200,8405,8314,89640
757,772,802,787,889,8200,8405,8314,8984,920090
772,802,787,817,874,8405,8314,8984,9792,2138944
802,787,817,772,859,8314,8984,9792,10723,754900
787,817,772,828,844,8984,9792,10723,10719,916776
817,772,828,859,831,9792,10723,10719,11069,2137484
772,828,859,844,816,10723,10719,11069,13416,60753
828,859,844,873,801,10719,11069,13416,14011,458293
859,844,873,887,786,11069,13416,14011,15058,32043
844,873,887,903,771,13416,14011,15058,15431,56557
873,887,903,934,756,14011,15058,15431,16113,454868
887,903,934,918,741,15058,15431,16113,16508,107657
903,934,918,948,726,15431,16113,16508,16866,36380
934,918,948,994,711,16113,16508,16866,16902,161574
918,948,994,1009,696,16508,16866,16902,17288,48969
948,994,1009,979,681,16866,16902,17288,18115,82144
994,1009,979,964,666,16902,17288,18115,18862,452437
1009,979,964,1009,651,17288,18115,18862,15132,451941
979,964,1009,1009,636,18115,18862,15132,16339,52186
964,1009,1009,1009,621,18862,15132,16339,15963,25758
1009,1009,1009,454,606,15132,16339,15963,34581,46124
1009,1009,454,484,591,16339,15963,34581,35119,45625
1009,454,484,652,591,15963,34581,35119,34037,23978
454,484,652,621,591,34581,35119,34037,34931,25191
484,652,621,636,591,35119,34037,34931,38445,19953
652,621,636,514,591,34037,34931,38445,42892,18931
621,636,514,544,591,34931,38445,42892,43999,16355
636,514,544,573,591,38445,42892,43999,44186,14948
514,544,573,559,591,42892,43999,44186,46347,84713
544,573,559,592,591,43999,44186,46347,47112,88604
573,559,592,621,606,44186,46347,47112,25758,84130
559,592,621,786,621,46347,47112,25758,32043,87339
592,621,786,243,621,47112,25758,32043,55880,87102
621,786,243,214,621,25758,32043,55880,57739,85152
786,243,214,409,621,32043,55880,57739,56908,82589
243,214,409,726,636,55880,57739,56908,36380,83967
214,409,726,591,636,57739,56908,36380,23978,83313
409,726,591,591,636,56908,36380,23978,19953,81203
726,591,591,591,636,36380,23978,19953,14948,81660
591,591,591,591,636,23978,19953,14948,16355,82622
591,591,591,591,636,19953,14948,16355,25191,84732
591,591,591,591,636,14948,16355,25191,18931,82113
591,591,591,139,636,16355,25191,18931,72345,83345
591,591,139,154,636,25191,18931,72345,69888,82612
591,139,154,139,636,18931,72345,69888,90842,81734
139,154,139,439,636,72345,69888,90842,69084,80986
154,139,439,319,636,69888,90842,69084,70873,80532
139,439,319,696,651,90842,69084,70873,48969,81212
439,319,696,349,651,69084,70873,48969,73142,80563
319,696,349,304,651,70873,48969,73142,73845,81443
696,349,304,499,651,48969,73142,73845,73788,80545
349,304,499,274,651,73142,73845,73788,76842,82128
304,499,274,771,666,73845,73788,76842,56557,81863
499,274,771,636,681,73788,76842,56557,52186,78604
274,771,636,816,696,76842,56557,52186,60753,80813
771,636,816,994,711,56557,52186,60753,69697,79612
636,816,994,606,726,52186,60753,69697,46124,78640
816,994,606,591,741,60753,69697,46124,45625,79235
994,606,591,139,741,69697,46124,45625,91642,12810
606,591,139,169,741,46124,45625,91642,87885,76425
591,139,169,199,741,45625,91642,87885,90503,2812
139,169,199,334,741,91642,87885,90503,90196,4344
169,199,334,741,741,87885,90503,90196,2812,16768
199,334,741,469,741,90503,90196,2812,91696,16060
334,741,469,741,741,90196,2812,91696,4344,14510
741,469,741,741,741,2812,91696,4344,12810,25348
469,741,741,394,741,91696,4344,12810,100591,116951
741,741,394,904,756,4344,12810,100591,89640,18554
741,394,904,229,756,12810,100591,89640,106459,17094
394,904,229,681,771,100591,89640,106459,82144,17288
904,229,681,741,771,89640,106459,82144,16768,153513
229,681,741,741,771,106459,82144,16768,16060,6397
681,741,741,741,771,82144,16768,16060,14510,110641
741,741,741,949,786,16768,16060,14510,100237,6389
741,741,949,964,801,16060,14510,100237,101936,87609
741,949,964,771,801,14510,100237,101936,6397,4528
949,964,771,786,801,100237,101936,6397,6389,6241
964,771,786,801,801,101936,6397,6389,4528,63402
771,786,801,756,801,6397,6389,4528,18554,181855
786,801,756,756,801,6389,4528,18554,17094,5528
801,756,756,741,801,4528,18554,17094,25348,54941
756,756,741,771,801,18554,17094,25348,17288,52658
756,741,771,801,801,17094,25348,17288,6241,83560
741,771,801,801,801,25348,17288,6241,5528,79814
771,801,801,741,816,17288,6241,5528,107657,65721
801,801,741,184,816,6241,5528,107657,196699,54196
801,741,184,139,816,5528,107657,196699,143106,40595
741,184,139,591,816,107657,196699,143106,84713,77568
184,139,591,606,816,196699,143106,84713,84130,37373
139,591,606,591,816,143106,84713,84130,88604,73096
591,606,591,621,816,84713,84130,88604,87339,71569
606,591,621,621,816,84130,88604,87339,82589,72388
591,621,621,621,816,88604,87339,82589,85152,40373
621,621,621,621,816,87339,82589,85152,87102,46613
621,621,621,636,816,82589,85152,87102,83967,47222
621,621,636,636,816,85152,87102,83967,81203,44442
621,636,636,636,816,87102,83967,81203,81660,46167
636,636,636,636,816,83967,81203,81660,83313,58829
636,636,636,636,816,81203,81660,83313,82622,45122
636,636,636,636,816,81660,83313,82622,82113,46161
636,636,636,636,816,83313,82622,82113,84732,45641
636,636,636,636,816,82622,82113,84732,83345,55676
636,636,636,636,816,82113,84732,83345,82612,56184
636,636,636,636,816,84732,83345,82612,81734,108226
636,636,636,636,816,83345,82612,81734,80986,94791
636,636,636,636,816,82612,81734,80986,80532,23303
636,636,636,651,816,81734,80986,80532,81212,96987
636,636,651,651,816,80986,80532,81212,80563,92511
636,651,651,651,816,80532,81212,80563,81443,92979
651,651,651,651,816,81212,80563,81443,80545,93529
651,651,651,681,816,80563,81443,80545,78604,53530
651,651,681,651,816,81443,80545,78604,82128,20218
651,681,651,666,816,80545,78604,82128,81863,282820
681,651,666,711,816,78604,82128,81863,79612,19556
651,666,711,696,816,82128,81863,79612,80813,585188
666,711,696,726,816,81863,79612,80813,78640,280353
711,696,726,741,816,79612,80813,78640,79235,37622
726,741,741,364,801,78640,79235,76425,171269,93897
726,741,741,364,816,78640,79235,76425,171269,211171
741,741,364,816,816,79235,76425,171269,40595,269672
741,364,816,816,816,76425,171269,40595,37373,43307
364,816,816,816,816,171269,40595,37373,23303,207783
816,816,816,801,816,40595,37373,23303,52658,45154
816,816,801,801,816,37373,23303,52658,54941,204866
816,801,801,816,816,23303,52658,54941,20218,76061
801,801,816,816,816,52658,54941,20218,19556,43060
801,816,816,816,816,54941,20218,19556,40373,347341
816,816,801,711,816,19556,40373,63402,161574,47708
816,816,801,711,831,19556,40373,63402,161574,1980
816,801,711,816,831,40373,63402,161574,54196,43830
801,711,816,831,831,63402,161574,54196,1980,16052
711,816,831,816,831,161574,54196,1980,44442,41167
816,831,816,816,831,54196,1980,44442,46613,63509
831,816,816,816,831,1980,44442,46613,47222,40117
816,816,816,816,831,44442,46613,47222,46167,38194
816,816,816,816,831,46613,47222,46167,45122,62298
816,816,816,816,831,47222,46167,45122,46161,37248
816,816,816,816,831,46167,45122,46161,45641,33572
816,816,816,816,831,45122,46161,45641,65721,56689
816,816,816,289,831,46161,45641,65721,197150,30087
816,816,289,529,831,45641,65721,197150,194576,161998
816,289,529,816,831,65721,197150,194576,37622,25083
289,529,816,801,831,197150,194576,37622,87609,26470
529,816,801,831,831,194576,37622,87609,16052,23913
816,801,831,816,831,37622,87609,16052,58829,62939
801,831,816,816,831,87609,16052,58829,55676,153125
831,816,816,816,831,16052,58829,55676,56184,151791
816,816,816,801,831,58829,55676,56184,79814,24968
816,816,801,801,831,55676,56184,79814,83560,24876
816,801,801,816,831,56184,79814,83560,53530,26052
801,801,816,816,831,79814,83560,53530,71569,22384
801,816,816,816,831,83560,53530,71569,77568,21603
816,816,816,816,831,53530,71569,77568,73096,270349
816,816,816,816,831,71569,77568,73096,72388,69530
816,816,816,816,831,77568,73096,72388,43307,59666
816,816,816,741,831,73096,72388,43307,116951,68987
816,816,741,771,831,72388,43307,116951,110641,62708
816,741,771,816,831,43307,116951,110641,45154,62416
741,771,816,816,831,116951,110641,45154,43060,64512
771,816,816,831,831,110641,45154,43060,25083,60134
816,816,831,831,831,45154,43060,25083,23913,57914
816,831,831,831,831,43060,25083,23913,30087,59476
831,831,831,831,831,25083,23913,30087,26470,60244
831,831,831,831,831,23913,30087,26470,33572,62062
831,831,831,831,831,30087,26470,33572,38194,59881
831,831,831,831,831,26470,33572,38194,41167,59100
831,831,831,831,831,33572,38194,41167,43830,59500
831,831,831,831,831,38194,41167,43830,37248,61700
831,831,831,831,831,41167,43830,37248,40117,61715
831,831,831,816,831,43830,37248,40117,47708,58180
831,831,816,831,831,37248,40117,47708,24968,58593
831,816,831,831,831,40117,47708,24968,24876,59104
816,831,831,831,831,47708,24968,24876,21603,59093
831,831,831,831,831,24968,24876,21603,22384,56769
831,831,831,831,831,24876,21603,22384,26052,57017
831,831,831,816,831,21603,22384,26052,94791,66008
831,831,816,816,831,22384,26052,94791,92511,31026
831,816,816,816,831,26052,94791,92511,92979,29668
816,816,816,816,830,94791,92511,92979,93529,19161
816,816,816,816,829,92511,92979,93529,96987,66523
816,816,816,831,829,92979,93529,96987,63509,26725
816,816,831,831,828,93529,96987,63509,56689,80388
816,831,831,831,827,96987,63509,56689,62298,46773
831,831,831,816,826,63509,56689,62298,76061,82444
831,831,816,816,825,56689,62298,76061,108226,38445
831,816,816,771,824,62298,76061,108226,153513,37379
816,816,771,184,823,76061,108226,153513,265470,6066
816,771,184,801,822,108226,153513,265470,93897,5815
771,184,801,831,821,153513,265470,93897,62939,6512
184,801,831,830,821,265470,93897,62939,19161,130545
801,831,830,823,821,93897,62939,19161,6066,5028
831,830,823,822,807,62939,19161,6066,5815,209695
830,823,822,821,794,19161,6066,5815,6512,238464
823,822,821,821,781,6066,5815,6512,5028,4812
822,821,821,831,767,5815,6512,5028,59666,711886
821,821,831,831,752,6512,5028,59666,31026,171105
821,831,831,831,737,5028,59666,31026,29668,354229
831,831,831,829,722,59666,31026,29668,26725,111946
831,831,829,781,721,31026,29668,26725,4812,38455
831,829,781,831,706,29668,26725,4812,69530,702651
829,781,831,831,691,26725,4812,69530,62708,705416
781,831,831,831,690,4812,69530,62708,62416,52065
831,831,831,831,689,69530,62708,62416,60134,22763
831,831,831,831,688,62708,62416,60134,57914,82271
831,831,831,831,687,62416,60134,57914,59476,18628
831,831,831,831,686,60134,57914,59476,64512,28695
831,831,831,831,685,57914,59476,64512,68987,8513
831,831,831,831,684,59476,64512,68987,60244,52069
831,831,831,831,683,64512,68987,60244,59100,17409
831,831,831,831,682,68987,60244,59100,59881,42791
831,831,831,831,681,60244,59100,59881,59500,31211
831,831,831,831,680,59100,59881,59500,62062,20133
831,831,831,831,679,59881,59500,62062,58180,30941
831,831,831,831,678,59500,62062,58180,56769,3992
831,831,831,831,677,62062,58180,56769,58593,44058
831,831,831,831,676,58180,56769,58593,61700,560305
831,831,831,831,675,56769,58593,61700,61715,561729
831,831,831,831,674,58593,61700,61715,59104,33015
831,831,831,831,673,61700,61715,59104,59093,21696
831,831,831,831,672,61715,59104,59093,57017,63459
831,831,831,678,672,59104,59093,57017,3992,307138
831,831,678,685,672,59093,57017,3992,8513,160527
831,678,685,825,672,57017,3992,8513,38445,31227
678,685,825,824,672,3992,8513,38445,37379,1931
685,825,824,827,672,8513,38445,37379,46773,38290
825,824,827,672,672,38445,37379,46773,1931,7042
824,827,672,801,671,37379,46773,1931,181855,791
827,672,801,671,671,46773,1931,181855,791,9243
672,801,671,687,671,1931,181855,791,18628,18877
801,671,687,683,671,181855,791,18628,17409,17335
671,687,683,689,671,791,18628,17409,22763,26799
683,689,672,680,657,17409,22763,7042,20133,35490
689,672,680,831,656,22763,7042,20133,66008,153283
672,680,831,671,656,7042,20133,66008,9243,36410
680,831,671,673,656,20133,66008,9243,21696,51168
680,831,671,673,670,20133,66008,9243,21696,221137
831,671,673,686,670,66008,9243,21696,28695,48338
671,673,686,829,670,9243,21696,28695,66523,309944
673,686,829,721,684,21696,28695,66523,38455,11708
686,829,721,681,684,28695,66523,38455,31211,23445
829,721,681,679,684,66523,38455,31211,30941,59578
721,681,679,671,684,38455,31211,30941,17335,32326
681,679,671,671,684,31211,30941,17335,18877,2552
679,671,671,674,684,30941,17335,18877,33015,23299
671,671,674,684,684,17335,18877,33015,2552,17910
671,674,684,672,684,18877,33015,2552,31227,106727
674,684,672,684,684,33015,2552,31227,11708,11801
684,672,684,682,684,2552,31227,11708,42791,78005
672,684,682,828,684,31227,11708,42791,80388,59546
684,682,828,671,684,11708,42791,80388,26799,7499
682,828,671,677,684,42791,80388,26799,44058,131607
828,671,677,690,684,80388,26799,44058,52065,43715
671,677,690,826,684,26799,44058,52065,82444,13848
677,690,826,672,684,44058,52065,82444,38290,8620
690,826,672,684,684,52065,82444,38290,52069,30755
826,672,684,684,684,82444,38290,52069,7499,28094
672,684,684,684,684,38290,52069,7499,11801,30479
684,684,684,684,684,52069,7499,11801,23445,32906
684,684,684,684,684,7499,11801,23445,17910,63039
684,684,684,657,684,11801,23445,17910,35490,26838
684,684,657,684,684,23445,17910,35490,8620,5284
684,657,684,684,684,17910,35490,8620,23299,27184
657,684,684,656,684,35490,8620,23299,36410,266481
684,684,656,684,684,8620,23299,36410,13848,2683
684,656,684,684,684,23299,36410,13848,5284,180617
656,684,684,684,684,36410,13848,5284,2683,65256
684,684,684,684,684,13848,5284,2683,32326,64812
684,684,684,672,684,5284,2683,32326,63459,5073
684,684,672,831,683,2683,32326,63459,151791,4674
684,672,831,831,682,32326,63459,151791,153125,9610
672,831,831,831,681,63459,151791,153125,161998,35493
831,831,831,684,681,151791,153125,161998,5073,49466
831,831,684,683,681,153125,161998,5073,4674,47805
831,684,683,670,681,161998,5073,4674,48338,25251
684,683,670,656,681,5073,4674,48338,51168,27939
683,670,656,688,681,4674,48338,51168,82271,77358
670,656,688,682,681,48338,51168,82271,9610,129102
656,688,682,684,681,51168,82271,9610,28094,18105
688,682,684,684,681,82271,9610,28094,30755,125077
682,684,684,684,681,9610,28094,30755,30479,72587
684,684,684,684,681,28094,30755,30479,26838,102102
684,684,684,684,681,30755,30479,26838,27184,2451
684,684,684,684,681,30479,26838,27184,32906,9633
684,684,684,681,681,26838,27184,32906,2451,426149
684,684,681,684,681,27184,32906,2451,43715,18163
684,681,684,684,681,32906,2451,43715,59578,420957
681,684,684,816,680,2451,43715,59578,204866,419814
684,684,816,816,679,43715,59578,204866,207783,2304
684,816,816,816,678,59578,204866,207783,211171,323351
816,816,816,679,678,204866,207783,211171,2304,11408
816,816,679,681,678,207783,211171,2304,9633,36819
816,679,681,681,678,211171,2304,9633,18105,379346
679,681,681,681,678,2304,9633,18105,25251,142533
681,681,681,722,678,9633,18105,25251,111946,658365
681,722,684,681,665,25251,111946,59546,27939,24167
722,684,681,681,665,111946,59546,27939,35493,41770
722,684,681,681,678,111946,59546,27939,35493,8112
684,681,681,678,678,59546,27939,35493,11408,42482
681,681,678,681,678,27939,35493,11408,18163,16885
681,678,681,821,678,35493,11408,18163,130545,55390
678,681,821,379,677,11408,18163,130545,400438,50592
681,821,379,424,676,18163,130545,400438,400556,67069
821,379,424,678,676,130545,400438,400556,8112,2754
821,379,424,678,690,130545,400438,400556,8112,9328
379,424,678,676,690,400438,400556,8112,2754,52037
424,678,676,684,690,400556,8112,2754,63039,308983
678,676,684,684,690,8112,2754,63039,78005,12232
676,684,684,681,690,2754,63039,78005,47805,583199
684,684,681,681,690,63039,78005,47805,49466,457545
684,681,681,690,690,78005,47805,49466,9328,3411
681,681,690,678,690,47805,49466,9328,16885,15311
681,690,678,690,690,49466,9328,16885,3411,7978
690,678,690,665,690,9328,16885,3411,24167,43926
678,690,665,684,690,16885,3411,24167,65256,14810
690,665,684,684,690,3411,24167,65256,64812,127517
665,684,684,690,690,24167,65256,64812,12232,6446
684,684,690,678,690,65256,64812,12232,36819,3462
684,690,678,690,690,64812,12232,36819,7978,8123
690,678,690,690,690,12232,36819,7978,3462,483839
678,690,690,690,690,36819,7978,3462,6446,70634
690,690,690,690,690,7978,3462,6446,15311,16262
690,690,690,690,690,3462,6446,15311,8123,27577
690,690,690,690,690,6446,15311,8123,14810,13540
690,690,690,684,690,15311,8123,14810,106727,66739
690,684,665,678,676,14810,106727,41770,42482,150779
690,684,665,678,690,14810,106727,41770,42482,529400
684,665,678,816,675,106727,41770,42482,280353,607968
678,816,816,816,659,42482,280353,282820,269672,213786
678,816,816,816,673,42482,280353,282820,269672,27362
816,816,816,681,673,280353,282820,269672,77358,28953
816,816,681,681,673,282820,269672,77358,72587,98982
816,681,681,690,673,269672,77358,72587,16262,60285
681,681,690,690,673,77358,72587,16262,13540,97114
681,690,690,752,687,72587,16262,13540,171105,100244
690,690,752,677,687,16262,13540,171105,50592,88597
690,752,677,678,687,13540,171105,50592,55390,55039
752,677,678,672,687,171105,50592,55390,160527,120840
677,678,672,690,687,50592,55390,160527,52037,140464
678,672,690,690,687,55390,160527,52037,27577,3883
672,690,690,690,687,160527,52037,27577,43926,27217
690,690,690,687,687,52037,27577,43926,3883,78519
690,690,687,656,687,27577,43926,3883,153283,27606
690,687,656,684,687,43926,3883,153283,131607,133655
687,656,684,676,687,3883,153283,131607,67069,23144
656,684,676,673,687,153283,131607,67069,27362,104673
684,676,673,673,687,131607,67069,27362,28953,57100
676,673,673,681,687,67069,27362,28953,102102,62593
673,673,681,756,701,27362,28953,102102,454868,13780
673,681,756,651,715,28953,102102,454868,451941,8948
681,756,651,666,729,102102,454868,451941,452437,166894
756,651,666,801,743,454868,451941,452437,458293,9992
651,666,801,807,757,451941,452437,458293,209695,22560
666,801,807,831,756,452437,458293,209695,270349,1865
801,807,831,756,756,458293,209695,270349,1865,9815
807,831,756,715,756,209695,270349,1865,8948,70265
831,756,715,743,756,270349,1865,8948,9992,58334
756,715,743,687,756,1865,8948,9992,27217,75983
715,743,687,701,756,8948,9992,27217,13780,48656
687,701,687,687,742,27217,13780,23144,27606,59685
687,701,687,687,756,27217,13780,23144,27606,6967
701,687,687,756,756,13780,23144,27606,9815,111968
687,687,756,681,756,23144,27606,9815,125077,15053
687,756,681,681,756,27606,9815,125077,129102,3423
756,681,681,690,756,9815,125077,129102,70634,6379
681,681,690,756,756,125077,129102,70634,6967,138055
681,690,756,756,756,129102,70634,6967,3423,33837
690,756,756,690,756,70634,6967,3423,66739,151270
756,756,690,757,756,6967,3423,66739,22560,174082
756,690,757,756,756,3423,66739,22560,6379,8461
690,757,756,673,756,66739,22560,6379,60285,148545
757,756,673,687,756,22560,6379,60285,55039,17685
756,673,687,756,756,6379,60285,55039,15053,14502
673,687,756,794,769,60285,55039,15053,238464,11049
756,756,816,687,686,14502,17685,347341,57100,458272
756,756,816,687,686,14502,17685,347341,57100,42910
756,816,687,678,673,17685,347341,57100,142533,36632
756,816,687,678,674,17685,347341,57100,142533,36718
816,687,678,684,660,347341,57100,142533,180617,34773
816,687,678,684,660,347341,57100,142533,180617,35380
687,678,684,756,646,57100,142533,180617,33837,37477
687,678,684,756,646,57100,142533,180617,33837,33526
678,684,756,670,632,142533,180617,33837,221137,32511
684,756,670,687,632,180617,33837,221137,62593,19893
756,670,687,756,632,33837,221137,62593,48656,27304
756,670,687,756,646,33837,221137,62593,48656,82153
670,687,756,687,646,221137,62593,48656,88597,56997
687,756,687,687,646,62593,48656,88597,78519,165598
756,687,687,673,646,48656,88597,78519,98982,64062
687,687,673,673,646,88597,78519,98982,97114,16616
687,673,673,756,646,78519,98982,97114,58334,13574
673,673,756,690,646,98982,97114,58334,127517,252470
673,756,690,687,646,97114,58334,127517,100244,1865
756,690,687,646,646,58334,127517,100244,1865,3600
690,687,646,742,646,127517,100244,1865,59685,42813
687,646,742,646,646,100244,1865,59685,3600,50172
646,742,646,756,646,1865,59685,3600,70265,2385
742,646,756,632,646,59685,3600,70265,19893,5297
756,632,646,646,632,70265,19893,2385,13574,139779
632,646,646,646,632,19893,2385,13574,16616,2625
632,646,646,646,646,19893,2385,13574,16616,110839
646,646,646,646,646,2385,13574,16616,5297,24193
646,646,646,632,646,13574,16616,5297,2625,61568
646,646,632,756,646,16616,5297,2625,75983,64543
646,632,756,632,646,5297,2625,75983,27304,46131
632,756,632,660,660,2625,75983,27304,34773,23275
756,632,660,632,674,75983,27304,34773,32511,24342
632,660,632,646,688,27304,34773,32511,33526,19533
660,632,646,673,701,34773,32511,33526,36632,46294
632,646,673,660,715,32511,33526,36632,35380,132131
660,674,646,686,728,35380,36718,37477,42910,109226
674,646,686,687,728,36718,37477,42910,104673,35767
646,686,687,687,728,37477,42910,104673,120840,123962
646,686,687,687,742,37477,42910,104673,120840,16679
646,686,687,687,756,37477,42910,104673,120840,103886
686,687,687,646,756,42910,104673,120840,24193,36975
687,687,646,688,756,104673,120840,24193,19533,31257
687,646,688,676,756,120840,24193,19533,150779,173974
646,688,676,660,756,24193,19533,150779,23275,113664
688,676,660,674,756,19533,150779,23275,24342,38208
660,674,742,646,742,23275,24342,16679,42813,93438
660,674,742,646,756,23275,24342,16679,42813,91238
742,646,646,687,742,16679,42813,56997,140464,92439
646,646,687,687,742,42813,56997,140464,133655,371685
646,646,687,687,756,42813,56997,140464,133655,371235
646,687,687,672,756,56997,140464,133655,307138,163105
687,687,672,646,756,140464,133655,307138,50172,4880
687,672,646,756,756,133655,307138,50172,111968,38596
672,646,756,646,756,307138,50172,111968,64062,128764
646,756,646,756,756,50172,111968,64062,4880,18452
756,646,756,728,756,111968,64062,4880,35767,6960
646,756,728,646,756,64062,4880,35767,46131,23670
756,728,646,701,756,4880,35767,46131,46294,24683
728,646,701,684,756,35767,46131,46294,266481,33027
646,701,684,756,756,46131,46294,266481,6960,4590
701,684,756,756,756,46294,266481,6960,31257,95806
684,756,756,646,756,266481,6960,31257,82153,54828
756,756,646,756,756,6960,31257,82153,4590,116848
756,646,756,756,756,31257,82153,4590,36975,10233
646,756,756,646,756,82153,4590,36975,61568,172965
756,756,646,670,756,4590,36975,61568,309944,21263
756,646,670,756,756,36975,61568,309944,18452,120054
646,670,756,646,756,61568,309944,18452,64543,20482
670,756,646,756,756,309944,18452,64543,38208,27129
756,646,756,737,770,18452,64543,38208,354229,65663
646,756,737,756,770,64543,38208,354229,10233,162849
756,737,756,756,770,38208,354229,10233,23670,4349
737,756,756,756,770,354229,10233,23670,138055,33015
756,756,756,756,770,10233,23670,138055,24683,205873
756,756,756,770,770,23670,138055,24683,4349,23781
756,756,770,729,770,138055,24683,4349,166894,145337
756,770,729,756,770,24683,4349,166894,38596,180082
770,729,756,756,770,4349,166894,38596,21263,20530
729,756,756,756,770,166894,38596,21263,33027,2291
756,756,756,756,770,38596,21263,33027,20482,137964
756,756,756,770,770,21263,33027,20482,2291,9358
756,756,770,756,770,33027,20482,2291,151270,5998
756,770,756,756,770,20482,2291,151270,148545,113248
770,756,756,659,770,2291,151270,148545,213786,17776
756,756,659,756,770,151270,148545,213786,27129,11795
756,659,756,770,770,148545,213786,27129,5998,20307
659,756,770,770,770,213786,27129,5998,9358,4561
756,770,770,770,770,27129,5998,9358,23781,85432
770,770,770,770,770,5998,9358,23781,4561,1646
770,770,770,770,770,9358,23781,4561,1646,147119
770,770,770,770,770,23781,4561,1646,20530,145256
770,770,770,770,770,4561,1646,20530,11795,65143
770,770,770,770,770,1646,20530,11795,33015,47203
770,770,770,646,770,20530,11795,33015,110839,22296
770,770,646,770,770,11795,33015,110839,17776,18861
770,646,770,756,770,33015,110839,17776,54828,190646
646,770,756,756,770,110839,17776,54828,174082,18166
770,756,756,770,770,17776,54828,174082,20307,110795
756,756,770,756,770,54828,174082,20307,103886,109755
756,770,756,728,770,174082,20307,103886,109226,60204
770,756,728,756,770,20307,103886,109226,91238,26261
756,728,756,742,770,103886,109226,91238,93438,23877
728,756,742,742,770,109226,91238,93438,92439,18343
756,742,742,770,770,91238,93438,92439,18861,182058
742,742,770,770,770,93438,92439,18861,22296,86976
742,770,770,770,770,92439,18861,22296,18166,215910
770,770,770,770,770,18861,22296,18166,65663,61028
770,770,770,632,770,22296,18166,65663,139779,71823
770,770,632,715,770,18166,65663,139779,132131,72678
770,632,715,728,770,65663,139779,132131,123962,75141
632,715,728,756,770,139779,132131,123962,113664,16901
715,728,756,678,770,132131,123962,113664,323351,51106
728,756,678,646,770,123962,113664,323351,165598,54401
756,678,646,770,770,113664,323351,165598,18343,163115
678,646,770,770,770,323351,165598,18343,23877,8688
646,770,770,770,770,165598,18343,23877,26261,6491
770,770,770,756,770,18343,23877,26261,95806,38764
770,756,690,770,756,26261,95806,308983,47203,5350
770,756,690,770,770,26261,95806,308983,47203,112242
756,690,770,770,770,95806,308983,47203,6491,5586
690,770,770,770,770,308983,47203,6491,8688,74449
770,770,770,756,756,6491,8688,16901,5350,196636
770,770,756,770,756,8688,16901,5350,5586,26957
770,770,756,770,770,8688,16901,5350,5586,182796
770,756,770,770,770,16901,5350,5586,65143,5760
756,770,770,756,770,5350,5586,65143,128764,14471
770,770,756,756,770,5586,65143,128764,116848,2486
770,756,756,770,770,65143,128764,116848,5760,281213
756,756,770,770,770,128764,116848,5760,2486,81284
756,770,770,770,770,116848,5760,2486,60204,136702
770,770,770,816,769,5760,2486,60204,585188,76394
770,770,816,756,769,2486,60204,585188,120054,72770
770,816,756,770,769,60204,585188,120054,85432,93468
816,756,770,770,769,585188,120054,85432,14471,162131
756,770,770,756,769,120054,85432,14471,26957,88324
770,770,756,770,769,85432,14471,26957,38764,476465
770,756,770,770,769,14471,26957,38764,51106,51637
756,770,770,770,769,26957,38764,51106,61028,51804
770,770,770,770,769,38764,51106,61028,54401,69466
770,770,770,756,769,51106,61028,54401,173974,259430
770,770,756,756,769,61028,54401,173974,163105,71008
770,756,756,678,769,54401,173974,163105,379346,25820
756,756,678,770,769,173974,163105,379346,113248,210851
756,678,770,859,783,163105,379346,113248,754900,8592
678,770,859,770,783,379346,113248,754900,71823,22722
770,859,770,770,783,113248,754900,71823,72678,203274
859,770,770,770,783,754900,71823,72678,75141,3838
770,770,770,783,783,71823,72678,75141,8592,4531
770,770,783,783,783,72678,75141,8592,3838,3732
770,783,783,770,783,75141,8592,3838,86976,3181
783,783,770,783,783,8592,3838,86976,4531,351234
783,770,783,783,783,3838,86976,4531,3732,351150
770,783,783,783,783,86976,4531,3732,3181,75347
783,783,783,770,783,4531,3732,3181,137964,68550
783,783,770,770,783,3732,3181,137964,145337,48604
783,770,770,770,783,3181,137964,145337,110795,65823
770,770,770,770,783,137964,145337,110795,109755,63906
770,770,770,769,783,145337,110795,109755,25820,218989
770,770,769,783,783,110795,109755,25820,22722,216057
770,769,783,770,783,109755,25820,22722,74449,125751
769,783,770,770,783,25820,22722,74449,162849,53349
783,770,770,756,783,22722,74449,162849,172965,30664
770,770,756,646,783,74449,162849,172965,252470,6623
770,756,646,681,783,162849,172965,252470,420957,6285
756,646,681,680,783,172965,252470,420957,419814,3230
646,681,680,681,783,252470,420957,419814,426149,60605
681,680,681,783,783,420957,419814,426149,3230,79953
680,681,783,783,783,419814,426149,3230,6623,116490
681,783,783,783,783,426149,3230,6623,6285,9710
783,783,783,769,783,3230,6623,6285,51637,38840
783,783,769,769,783,6623,6285,51637,51804,60183
783,769,769,770,783,6285,51637,51804,145256,88516
769,769,770,770,783,51637,51804,145256,147119,111700
769,770,770,783,783,51804,145256,147119,9710,8767
770,770,783,769,783,145256,147119,9710,72770,28299
770,783,769,769,783,147119,9710,72770,76394,6107
783,769,769,770,783,9710,72770,76394,81284,59532
769,769,770,770,783,72770,76394,81284,180082,79482
769,770,770,783,783,76394,81284,180082,8767,47457
770,770,783,783,783,81284,180082,8767,6107,71717
770,783,783,783,783,180082,8767,6107,30664,76776
783,783,783,770,783,8767,6107,30664,112242,87811
783,783,770,769,783,6107,30664,112242,69466,7234
783,770,769,769,783,30664,112242,69466,71008,51764
770,769,769,783,783,112242,69466,71008,48604,8903
769,769,783,783,783,69466,71008,48604,7234,88388
769,783,783,769,783,71008,48604,7234,88324,43569
783,783,769,769,783,48604,7234,88324,93468,246528
783,769,769,770,783,7234,88324,93468,205873,83725
769,769,770,783,783,88324,93468,205873,8903,312684
769,770,783,783,783,93468,205873,8903,38840,82342
770,783,783,783,783,205873,8903,38840,28299,86635
783,783,783,783,783,8903,38840,28299,53349,309204
783,783,783,676,783,38840,28299,53349,560305,10953
783,783,676,675,783,28299,53349,560305,561729,7822
783,676,675,783,783,53349,560305,561729,63906,59837
676,675,783,783,783,560305,561729,63906,65823,138951
675,783,783,783,783,561729,63906,65823,68550,21627
783,783,783,783,783,63906,65823,68550,75347,3664
783,783,783,783,783,65823,68550,75347,7822,180658
783,783,783,783,783,68550,75347,7822,10953,7160
783,783,783,783,783,75347,7822,10953,3664,17531
783,783,783,783,783,7822,10953,3664,60605,134115
783,783,783,770,783,10953,3664,60605,190646,49759
783,783,770,690,783,3664,60605,190646,457545,7908
783,770,690,783,783,60605,190646,457545,7160,138799
770,690,783,783,783,190646,457545,7160,60183,24103
690,783,783,770,783,457545,7160,60183,163115,23990
783,783,770,783,783,7160,60183,163115,47457,17718
783,770,783,770,783,60183,163115,47457,182058,41762
770,783,770,783,783,163115,47457,182058,7908,12431
783,770,783,783,783,47457,182058,7908,21627,12282
770,783,783,770,783,182058,7908,21627,136702,208592
783,783,770,783,783,7908,21627,136702,17531,5174
783,770,783,783,783,21627,136702,17531,59532,15228
770,783,783,783,783,136702,17531,59532,43569,9278
783,783,783,783,783,17531,59532,43569,79953,223164
783,783,783,783,783,59532,43569,79953,5174,96880
783,783,783,783,783,43569,79953,5174,51764,146503
783,783,783,783,783,79953,5174,51764,12431,50246
783,783,783,783,783,5174,51764,12431,12282,50618
783,783,783,783,783,51764,12431,12282,17718,75245
783,783,783,783,783,12431,12282,17718,9278,13816
783,783,783,783,770,12282,17718,9278,24103,167055
783,783,783,783,758,17718,9278,24103,23990,447624
783,783,783,783,746,9278,24103,23990,15228,164267
783,783,783,783,732,24103,23990,15228,71717,163493
783,783,783,783,719,23990,15228,71717,88516,162274
783,783,783,783,705,15228,71717,88516,79482,161926
783,783,783,783,691,71717,88516,79482,76776,156854
783,783,783,783,677,88516,79482,76776,13816,17466
783,783,783,770,663,79482,76776,13816,182796,154323
783,783,770,690,649,76776,13816,182796,483839,155033
783,770,690,770,635,13816,182796,483839,215910,149835
770,690,770,769,635,182796,483839,215910,162131,29230
690,770,769,783,635,483839,215910,162131,59837,37945
770,769,783,783,635,215910,162131,59837,49759,39395
769,783,783,783,635,162131,59837,49759,41762,27412
783,783,783,783,635,59837,49759,41762,87811,40799
783,783,783,756,635,49759,41762,87811,196636,41305
783,783,756,783,635,41762,87811,196636,125751,201223
783,756,783,783,635,87811,196636,125751,116490,24330
756,783,783,677,649,196636,125751,116490,17466,102904
783,783,677,783,649,125751,116490,17466,111700,25240
783,677,783,783,649,116490,17466,111700,88388,10305
677,783,783,783,649,17466,111700,88388,83725,20925
783,783,783,783,649,111700,88388,83725,82342,18396
783,783,783,844,663,88388,83725,82342,916776,122830
783,783,844,889,677,83725,82342,916776,920090,123636
783,844,889,783,677,82342,916776,920090,86635,29814
844,889,783,649,677,916776,920090,86635,10305,32271
889,783,649,783,677,920090,86635,10305,50246,34596
783,649,783,783,677,86635,10305,50246,50618,21679
649,783,783,635,677,10305,50246,50618,29230,32537
783,783,635,635,677,50246,50618,29230,27412,100012
783,635,635,635,677,50618,29230,27412,24330,136732
635,635,635,649,677,29230,27412,24330,18396,4995
635,635,649,649,677,27412,24330,18396,20925,4625
635,649,649,649,677,24330,18396,20925,25240,30752
649,649,649,635,677,18396,20925,25240,37945,263527
649,649,635,677,677,20925,25240,37945,4995,274672
649,635,677,677,677,25240,37945,4995,4625,71222
635,677,677,635,677,37945,4995,4625,39395,8511
677,677,635,635,677,4995,4625,39395,40799,123608
677,635,635,635,677,4625,39395,40799,41305,296440
635,635,635,677,677,39395,40799,41305,21679,56005
635,635,677,677,677,40799,41305,21679,8511,60042
635,677,677,677,677,41305,21679,8511,29814,231606
677,677,677,783,677,21679,8511,29814,75245,50166
677,677,783,690,677,8511,29814,75245,529400,47495
677,783,690,677,677,29814,75245,529400,32271,10437
783,690,677,756,677,75245,529400,32271,371235,48566
690,677,756,742,677,529400,32271,371235,371685,99000
677,756,742,677,677,32271,371235,371685,34596,40918
756,742,677,677,677,371235,371685,34596,32537,16318
742,677,677,783,677,371685,34596,32537,203274,61003
677,677,783,769,677,34596,32537,203274,210851,59903
677,783,769,677,677,32537,203274,210851,10437,613807
769,677,677,783,663,210851,10437,30752,96880,6815
769,677,677,783,677,210851,10437,30752,96880,52301
677,677,783,706,691,10437,30752,96880,702651,28689
706,691,767,686,702,702651,705416,711886,458272,447416
706,691,767,686,716,702651,705416,711886,458272,85646
706,691,767,686,730,702651,705416,711886,458272,88975
783,783,783,783,646,138951,134115,138799,216057,253683
783,783,783,783,660,138951,134115,138799,216057,18526
783,783,783,783,674,138951,134115,138799,216057,62087
783,783,783,783,674,134115,138799,216057,218989,60888
783,783,783,691,674,138799,216057,218989,28689,97673
783,783,691,677,674,216057,218989,28689,40918,38085
783,691,677,677,674,218989,28689,40918,47495,51778
691,677,677,677,674,28689,40918,47495,50166,13359
677,677,677,677,674,40918,47495,50166,56005,230658
677,677,677,677,674,47495,50166,56005,48566,134712
677,677,677,770,674,50166,56005,48566,281213,58417
677,677,770,769,674,56005,48566,281213,259430,423800
677,770,769,677,674,48566,281213,259430,60042,108344
770,769,677,677,674,281213,259430,60042,71222,346669
769,677,677,649,674,259430,60042,71222,102904,53975
677,677,649,660,674,60042,71222,102904,18526,3185
677,649,660,674,674,71222,102904,18526,13359,116075
649,660,674,674,674,102904,18526,13359,3185,264587
660,674,674,783,674,18526,13359,3185,146503,6296
674,674,783,677,674,13359,3185,146503,52301,143989
674,783,677,677,674,3185,146503,52301,61003,261179
783,677,677,677,674,146503,52301,61003,59903,139177
677,677,677,674,674,52301,61003,59903,6296,248591
677,677,674,783,674,61003,59903,6296,180658,16999
677,674,783,677,673,59903,6296,180658,100012,81332
674,783,677,979,687,6296,180658,100012,1035355,32884
783,677,979,678,701,180658,100012,1035355,658365,5316
677,979,678,675,715,100012,1035355,658365,607968,126480
979,678,675,919,729,1035355,658365,607968,1038006,235229
678,675,919,674,728,658365,607968,1038006,38085,129049
675,919,674,701,727,607968,1038006,38085,5316,160407
919,674,701,663,726,1038006,38085,5316,122830,69135
674,701,663,677,725,38085,5316,122830,123636,52648
701,663,677,674,724,5316,122830,123636,16999,107120
663,677,674,635,737,122830,123636,16999,149835,130053
677,674,635,746,748,123636,16999,149835,164267,136688
674,635,746,770,760,16999,149835,164267,167055,30601
635,746,770,691,773,149835,164267,167055,156854,75313
746,770,691,663,786,164267,167055,156854,154323,154930
770,691,663,732,799,167055,156854,154323,163493,90509
691,663,732,719,811,156854,154323,163493,162274,395089
663,732,719,649,824,154323,163493,162274,155033,83996
732,719,649,705,837,163493,162274,155033,161926,126518
719,649,705,674,836,162274,155033,161926,51778,80223
649,705,674,677,835,155033,161926,51778,99000,44012
705,674,677,674,834,161926,51778,99000,60888,32156
674,677,674,674,833,51778,99000,60888,62087,41049
677,674,674,716,832,99000,60888,62087,85646,46096
674,674,716,730,831,60888,62087,85646,88975,9584
674,716,730,687,830,62087,85646,88975,32884,83131
716,730,687,674,829,85646,88975,32884,58417,76169
730,687,674,674,828,88975,32884,58417,53975,37495
687,674,674,677,827,32884,58417,53975,123608,2826
674,674,677,677,826,58417,53975,123608,136732,23096
674,677,677,827,826,53975,123608,136732,2826,20341
677,677,827,831,826,123608,136732,2826,9584,15673
677,827,831,783,825,136732,2826,9584,208592,13704
827,831,783,783,824,2826,9584,208592,246528,82014
831,783,783,760,824,9584,208592,246528,30601,83825
783,783,760,825,824,208592,246528,30601,13704,14371
783,760,825,826,824,246528,30601,13704,15673,9837
760,825,826,834,824,30601,13704,15673,32156,37757
825,826,834,826,824,13704,15673,32156,20341,99704
826,834,826,826,824,15673,32156,20341,23096,471618
834,826,826,783,823,32156,20341,23096,223164,9341
826,826,783,725,823,20341,23096,223164,52648,91704
826,783,725,674,822,23096,223164,52648,97673,10125
783,725,674,824,822,223164,52648,97673,9837,14386
725,674,824,833,822,52648,97673,9837,41049,36883
674,824,833,835,822,97673,9837,41049,44012,14425
824,833,835,824,822,9837,41049,44012,14371,170762
833,835,824,823,822,41049,44012,14371,9341,69578
824,823,828,832,809,14371,9341,37495,46096,88269
824,823,828,832,822,14371,9341,37495,46096,266656
823,828,832,822,822,9341,37495,46096,10125,9745
828,832,822,635,821,37495,46096,10125,201223,20693
832,822,635,726,821,46096,10125,201223,69135,20605
822,635,726,673,821,10125,201223,69135,81332,26318
635,726,673,822,821,201223,69135,81332,14386,144342
726,673,822,822,821,69135,81332,14386,14425,140796
673,822,822,822,821,81332,14386,14425,9745,89054
822,822,822,674,820,14386,14425,9745,108344,8162
822,822,674,783,819,14425,9745,108344,351234,2408
822,674,783,783,818,9745,108344,351234,351150,4248
674,783,783,819,818,108344,351234,351150,2408,200921
783,783,819,773,818,351234,351150,2408,75313,105619
783,819,773,818,818,351150,2408,75313,4248,21608
773,818,820,824,805,75313,4248,8162,37757,26374
818,820,824,821,805,4248,8162,37757,20693,45231
820,824,821,821,805,8162,37757,20693,20605,18347
824,821,821,674,804,37757,20693,20605,116075,60396
821,674,836,824,791,20605,116075,80223,83996,160627
674,836,824,822,791,116075,80223,83996,36883,6981
836,824,822,821,791,80223,83996,36883,26318,43383
824,822,821,799,791,83996,36883,26318,90509,78563
822,821,799,674,790,36883,26318,90509,134712,35288
821,799,674,829,790,26318,90509,134712,76169,336700
799,674,829,791,790,90509,134712,76169,6981,150825
674,829,791,783,789,134712,76169,6981,312684,40942
829,791,783,783,788,76169,6981,312684,309204,536012
791,783,783,818,788,6981,312684,309204,21608,34659
783,783,818,830,788,312684,309204,21608,83131,2787
783,818,830,805,788,309204,21608,83131,18347,4033
818,830,805,788,788,21608,83131,18347,2787,44776
830,805,788,724,788,83131,18347,2787,107120,46536
805,788,724,788,788,18347,2787,107120,4033,16081
724,788,805,824,775,107120,4033,26374,82014,279722
788,805,824,715,774,4033,26374,82014,126480,7862
805,824,715,824,774,26374,82014,126480,83825,275855
824,715,824,674,773,82014,126480,83825,139177,40589
715,824,674,674,772,126480,83825,139177,143989,330840
824,674,674,728,772,83825,139177,143989,129049,272610
674,674,728,774,772,139177,143989,129049,7862,1454
728,774,788,772,759,129049,7862,16081,1454,36797
774,788,772,822,759,7862,16081,1454,69578,6819
788,772,822,805,759,16081,1454,69578,45231,48396
772,822,805,790,759,1454,69578,45231,35288,54871
822,805,790,737,759,69578,45231,35288,130053,52934
805,790,737,837,759,45231,35288,130053,126518,29997
790,737,837,759,759,35288,130053,126518,6819,41286
737,837,759,791,759,130053,126518,6819,43383,51641
759,791,788,677,745,6819,43383,34659,231606,82466
791,788,677,748,745,43383,34659,231606,136688,25751
677,748,789,823,719,231606,136688,40942,91704,24357
748,789,823,824,706,136688,40942,91704,99704,20697
789,823,824,804,693,40942,91704,99704,60396,88595
823,824,804,809,680,91704,99704,60396,88269,107757
824,804,809,788,667,99704,60396,88269,44776,16582
804,809,788,788,654,60396,88269,44776,46536,104829
809,788,788,727,641,88269,44776,46536,160407,60054
788,788,727,677,627,44776,46536,160407,263527,101503
788,727,677,786,614,46536,160407,263527,154930,101735
727,677,786,773,601,160407,263527,154930,40589,74046
677,786,773,821,588,263527,154930,40589,89054,74140
786,773,821,759,575,154930,40589,89054,36797,183538
821,759,759,745,562,89054,36797,29997,25751,14087
759,759,745,719,575,36797,29997,25751,24357,16667
759,745,719,667,588,29997,25751,24357,16582,27611
745,719,667,706,601,25751,24357,16582,20697,54881
719,667,706,677,600,24357,16582,20697,274672,78832
667,706,677,769,599,16582,20697,274672,476465,42825
706,677,769,791,599,20697,274672,476465,78563,19473
677,769,791,759,599,274672,476465,78563,41286,126029
769,791,759,759,599,476465,78563,41286,48396,68657
791,759,759,562,599,78563,41286,48396,14087,17008
759,759,562,575,599,41286,48396,14087,16667,35824
759,562,575,818,599,48396,14087,16667,105619,17349
562,575,818,759,599,14087,16667,105619,52934,24177
575,818,759,759,599,16667,105619,52934,54871,223037
818,759,759,759,599,105619,52934,54871,51641,19299
759,759,759,674,598,52934,54871,51641,230658,10146
759,759,674,599,598,54871,51641,230658,19473,10771
759,674,599,588,598,51641,230658,19473,27611,13534
674,599,588,599,598,230658,19473,27611,17008,107607
599,588,599,677,597,19473,27611,17008,296440,660321
588,599,677,598,597,27611,17008,296440,10146,279388
599,677,598,599,597,17008,296440,10146,17349,69205
677,598,599,598,597,296440,10146,17349,10771,14222
598,599,598,646,596,10146,17349,10771,253683,60965
599,598,646,599,596,17349,10771,253683,19299,61908
598,646,599,598,596,10771,253683,19299,13534,79907
646,599,598,599,596,253683,19299,13534,24177,217815
599,598,599,821,596,19299,13534,24177,140796,214582
598,599,821,821,596,13534,24177,140796,144342,218252
599,821,821,599,596,24177,140796,144342,42825,647728
821,821,599,641,609,140796,144342,42825,60054,8286
821,599,641,597,609,144342,42825,60054,14222,102043
599,641,597,599,609,42825,60054,14222,35824,67888
641,597,599,745,609,60054,14222,35824,82466,4445
597,599,745,601,596,14222,35824,82466,54881,9712
599,745,601,609,587,35824,82466,54881,8286,61427
745,601,609,609,574,82466,54881,8286,4445,6860
601,609,609,729,573,54881,8286,4445,235229,15904
609,609,729,822,573,8286,4445,235229,170762,24047
609,729,822,674,572,4445,235229,170762,248591,15205
729,822,674,574,585,235229,170762,248591,6860,79559
822,674,574,596,598,170762,248591,6860,9712,104227
674,574,596,601,611,248591,6860,9712,74046,21875
574,596,601,588,624,6860,9712,74046,74140,340748
596,601,588,693,637,9712,74046,74140,88595,72247
601,588,693,674,636,74046,74140,88595,264587,338700
588,693,674,674,635,74140,88595,264587,261179,70416
693,674,674,573,635,88595,264587,261179,15904,92274
674,674,573,572,635,264587,261179,15904,15205,29579
674,573,572,599,635,261179,15904,15205,68657,30410
573,572,599,600,635,15904,15205,68657,78832,31667
572,599,600,790,635,15205,68657,78832,150825,130854
599,600,790,791,635,68657,78832,150825,160627,391930
600,790,791,573,635,78832,150825,160627,24047,9833
790,791,573,611,635,150825,160627,24047,21875,389206
791,573,611,680,648,160627,24047,21875,107757,121128
573,611,680,654,661,24047,21875,107757,104829,5621
611,680,654,627,674,21875,107757,104829,101503,126144
680,654,627,614,687,107757,104829,101503,101735,159264
654,627,614,635,687,104829,101503,101735,9833,32335
627,614,635,661,687,101503,101735,9833,5621,36737
614,635,661,596,687,101735,9833,5621,60965,29967
635,661,596,596,687,9833,5621,60965,61908,30369
661,596,596,597,687,5621,60965,61908,69205,49780
596,596,597,635,687,60965,61908,69205,29579,54649
596,597,635,635,687,61908,69205,29579,30410,6612
597,635,635,818,687,69205,29579,30410,200921,3095
635,635,818,635,687,29579,30410,200921,31667,10526
635,818,635,687,687,30410,200921,31667,3095,10337
818,635,687,687,687,200921,31667,3095,6612,102215
635,687,687,758,698,31667,3095,6612,447624,77755
687,687,758,587,707,3095,6612,447624,61427,7781
687,758,587,609,707,6612,447624,61427,67888,65417
758,587,609,596,707,447624,61427,67888,79907,35638
587,609,596,687,707,61427,67888,79907,10526,58384
609,596,687,687,707,67888,79907,10526,10337,236724
596,687,687,707,707,79907,10526,10337,7781,13010
687,687,707,687,707,10526,10337,7781,32335,233638
687,707,687,687,707,10337,7781,32335,29967,20777
707,687,687,687,707,7781,32335,29967,30369,27156
687,687,687,687,707,32335,29967,30369,36737,6233
687,687,687,599,707,29967,30369,36737,126029,226650
687,687,599,598,707,30369,36737,126029,107607,38131
687,599,598,707,707,36737,126029,107607,13010,61624
599,598,707,707,707,126029,107607,13010,6233,15826
598,707,707,637,707,107607,13010,6233,72247,45150
707,707,637,635,707,13010,6233,72247,70416,15202
707,637,635,585,707,6233,72247,70416,79559,157879
637,635,585,674,706,72247,70416,79559,346669,4525
635,585,674,707,706,70416,79559,346669,20777,27957
585,674,707,706,706,79559,346669,20777,4525,22578
674,707,706,609,706,346669,20777,4525,102043,12191
707,706,609,687,706,20777,4525,102043,49780,103244
706,609,687,707,706,4525,102043,49780,15826,236283
609,687,707,707,706,102043,49780,15826,35638,9576
687,707,707,707,706,49780,15826,35638,15202,107102
707,707,707,707,706,15826,35638,15202,27156,284726
707,707,707,822,706,35638,15202,27156,266656,184118
707,707,822,687,706,15202,27156,266656,54649,9757
822,687,706,706,693,266656,54649,12191,9576,9868
687,706,706,635,693,54649,12191,9576,92274,26020
706,706,635,598,693,12191,9576,92274,104227,23181
706,635,598,706,693,9576,92274,104227,9757,146793
635,598,706,706,693,92274,104227,9757,22578,112514
598,706,706,707,693,104227,9757,22578,38131,16592
706,707,693,706,680,22578,38131,9868,27957,13154
707,693,706,575,693,38131,9868,27957,183538,10864
693,706,575,707,693,9868,27957,183538,58384,196017
706,575,707,707,693,27957,183538,58384,65417,65684
575,707,707,707,693,183538,58384,65417,45150,19911
707,707,707,693,693,58384,65417,45150,10864,12318
707,707,693,680,693,65417,45150,10864,13154,6953
707,693,680,693,693,45150,10864,13154,16592,11378
693,680,693,693,693,10864,13154,16592,23181,6750
680,693,693,693,693,13154,16592,23181,26020,36014
693,693,693,698,693,16592,23181,26020,77755,9113
693,693,698,693,693,23181,26020,77755,6953,18537
693,698,693,693,693,26020,77755,6953,6750,8898
698,693,693,707,693,77755,6953,6750,61624,31582
693,693,707,693,693,6953,6750,61624,12318,28987
693,707,693,693,693,6750,61624,12318,11378,19143
707,693,693,693,693,61624,12318,11378,9113,33719
693,693,693,693,693,12318,11378,9113,19911,127950
693,693,693,693,693,11378,9113,19911,8898,6613
693,693,693,702,692,9113,19911,8898,447416,58959
693,693,702,648,692,19911,8898,447416,121128,28543
693,702,648,635,692,8898,447416,121128,130854,239562
702,648,635,693,692,447416,121128,130854,6613,240519
648,635,693,693,692,121128,130854,6613,18537,101119
635,693,693,674,692,130854,6613,18537,126144,27175
693,693,674,687,692,6613,18537,126144,102215,26472
693,674,687,674,691,18537,126144,102215,423800,2828
674,687,674,693,691,126144,102215,423800,19143,47729
687,674,693,691,691,102215,423800,19143,2828,13323
674,693,691,775,691,423800,19143,2828,279722,85052
693,691,775,774,691,19143,2828,279722,275855,206012
691,775,774,772,691,2828,279722,275855,272610,15218
775,774,772,693,691,279722,275855,272610,36014,18471
774,772,693,693,691,275855,272610,36014,28987,202717
772,693,693,693,691,272610,36014,28987,31582,49654
693,693,693,811,691,36014,28987,31582,395089,47431
693,693,811,691,691,28987,31582,395089,13323,37211
693,811,691,693,691,31582,395089,13323,33719,54262
811,691,693,692,691,395089,13323,33719,28543,52225
691,693,692,599,691,13323,33719,28543,223037,12313
693,692,599,691,691,33719,28543,223037,15218,6168
692,599,691,692,691,28543,223037,15218,27175,1912
599,691,692,692,691,223037,15218,27175,26472,211956
692,692,691,691,679,27175,26472,1912,18471,7558
692,691,691,691,679,26472,1912,18471,6168,54601
691,691,691,693,679,1912,18471,6168,65684,42773
691,691,693,687,679,18471,6168,65684,159264,20530
691,693,687,691,679,6168,65684,159264,12313,229725
693,687,691,679,679,65684,159264,12313,7558,19415
687,691,679,706,679,159264,12313,7558,103244,14790
691,679,706,596,679,12313,7558,103244,214582,42540
679,706,596,596,679,7558,103244,214582,217815,26991
706,596,596,596,679,103244,214582,217815,218252,72406
596,596,596,706,679,214582,217815,218252,107102,17488
596,596,706,790,679,217815,218252,107102,336700,39718
596,706,790,692,679,218252,107102,336700,58959,96807
706,790,692,691,679,107102,336700,58959,47729,20051
790,692,691,679,679,336700,58959,47729,14790,7956
692,691,679,679,679,58959,47729,14790,20530,3914
691,679,679,691,679,47729,14790,20530,37211,4189
679,679,691,679,679,14790,20530,37211,19415,20039
679,691,679,679,679,20530,37211,19415,3914,92477
691,679,679,679,679,37211,19415,3914,4189,48910
679,679,691,691,642,4189,7956,47431,49654,39162
679,691,691,679,629,7956,47431,49654,17488,13786
691,691,679,772,616,47431,49654,17488,330840,24016
691,679,772,693,603,49654,17488,330840,112514,13057
679,772,693,679,590,17488,330840,112514,26991,231714
772,693,679,679,577,330840,112514,26991,20051,18053
693,679,679,691,564,112514,26991,20051,52225,64344
679,679,691,691,551,26991,20051,52225,54262,15539
679,691,691,679,538,20051,52225,54262,42773,3635
691,691,679,679,525,52225,54262,42773,20039,12743
691,679,679,629,525,54262,42773,20039,13786,2157
679,679,629,538,525,42773,20039,13786,3635,129648
525,679,707,679,502,2157,42540,157879,54601,19857
679,707,679,679,502,42540,157879,54601,39718,9465
707,679,679,525,515,157879,54601,39718,12743,75268
679,679,525,577,528,54601,39718,12743,18053,55489
679,525,577,551,541,39718,12743,18053,15539,200655
525,577,551,616,554,12743,18053,15539,24016,6193
577,551,616,691,554,18053,15539,24016,85052,36486
551,616,691,597,554,15539,24016,85052,279388,88122
616,691,597,554,554,24016,85052,279388,6193,195713
691,597,554,502,554,85052,279388,6193,9465,25313
597,554,502,692,554,279388,6193,9465,101119,12666
554,502,692,693,554,6193,9465,101119,146793,12451
502,692,693,642,567,9465,101119,146793,39162,4413
692,693,642,502,567,101119,146793,39162,19857,15718
693,642,502,567,567,146793,39162,19857,4413,8043
642,502,567,679,567,39162,19857,4413,48910,11077
502,567,679,554,567,19857,4413,48910,12666,93695
567,679,554,554,567,4413,48910,12666,12451,54032
679,554,554,567,567,48910,12666,12451,8043,18053
554,554,567,693,567,12666,12451,8043,127950,2442
554,567,693,679,567,12451,8043,127950,72406,164878
567,693,679,567,567,8043,127950,72406,2442,12803
693,679,567,567,567,127950,72406,2442,11077,156187
679,567,567,567,567,72406,2442,11077,15718,46481
567,567,567,554,567,2442,11077,15718,25313,6632
567,567,554,706,567,11077,15718,25313,184118,42248
567,554,706,554,567,15718,25313,184118,36486,55635
554,706,554,567,567,25313,184118,36486,6632,10029
706,554,567,567,567,184118,36486,6632,12803,5089
554,567,567,567,567,36486,6632,12803,18053,88979
567,567,567,824,567,6632,12803,18053,471618,7090
567,567,824,567,567,12803,18053,471618,5089,21464
567,824,567,564,580,18053,471618,5089,64344,10133
824,567,564,567,580,471618,5089,64344,10029,127939
567,564,567,567,580,5089,64344,10029,7090,15170
564,567,567,707,580,64344,10029,7090,233638,42709
567,567,707,707,580,10029,7090,233638,236724,129309
567,707,707,707,580,7090,233638,236724,226650,55063
707,707,707,528,580,233638,236724,226650,55489,47138
707,707,528,679,580,236724,226650,55489,96807,170857
707,528,679,580,580,226650,55489,96807,10133,4445
528,679,580,677,579,55489,96807,10133,613807,47874
679,580,677,679,579,96807,10133,613807,92477,9851
580,677,679,580,579,10133,613807,92477,4445,2531
679,580,579,580,566,92477,4445,2531,15170,21435
580,579,580,567,566,4445,2531,15170,21464,20736
579,580,567,693,566,2531,15170,21464,196017,4144
580,567,693,579,566,15170,21464,196017,9851,15955
567,693,579,566,566,21464,196017,9851,4144,47409
693,579,566,515,566,196017,9851,4144,75268,5360
579,566,515,567,566,9851,4144,75268,54032,130394
566,515,567,567,566,4144,75268,54032,46481,3928
515,567,567,567,566,75268,54032,46481,42248,6425
567,567,567,566,566,54032,46481,42248,5360,10936
567,567,566,566,566,46481,42248,5360,3928,8192
567,566,566,706,566,42248,5360,3928,236283,14981
566,566,706,566,566,5360,3928,236283,6425,25478
566,706,566,566,566,3928,236283,6425,15955,355543
706,566,566,566,566,236283,6425,15955,21435,356184
566,566,566,566,566,6425,15955,21435,20736,356685
566,566,566,566,566,15955,21435,20736,8192,93566
566,566,566,566,566,21435,20736,8192,10936,201245
566,566,566,554,566,20736,8192,10936,88122,11318
566,566,554,567,566,8192,10936,88122,55635,23730
566,554,567,580,566,10936,88122,55635,42709,61955
554,567,580,566,566,88122,55635,42709,14981,6638
567,580,566,624,566,55635,42709,14981,340748,115886
580,566,624,636,566,42709,14981,340748,338700,5545
566,624,636,580,566,14981,340748,338700,47138,26136
624,636,580,566,566,340748,338700,47138,11318,111997
636,580,566,566,566,338700,47138,11318,6638,53180
580,566,566,566,566,47138,11318,6638,5545,5864
566,566,566,579,566,11318,6638,5545,47874,6346
566,566,579,580,566,6638,5545,47874,55063,21155
566,579,580,566,566,5545,47874,55063,25478,22536
579,580,566,566,566,47874,55063,25478,5864,4204
580,566,566,566,566,55063,25478,5864,6346,8645
566,566,566,567,566,25478,5864,6346,93695,110276
566,566,567,566,566,5864,6346,93695,4204,101012
566,567,566,566,566,6346,93695,4204,23730,100953
567,566,566,525,579,93695,4204,23730,129648,102020
566,566,525,566,579,4204,23730,129648,47409,76570
566,525,566,566,579,23730,129648,47409,8645,4259
525,566,566,691,579,129648,47409,8645,206012,360240
566,566,691,691,579,47409,8645,206012,202717,361073
566,691,691,579,579,8645,206012,202717,4259,357578
691,691,579,566,579,206012,202717,4259,26136,27058
691,579,566,566,579,202717,4259,26136,21155,360132
579,566,566,567,579,4259,26136,21155,88979,356720
566,566,567,566,579,26136,21155,88979,22536,19897
566,567,566,706,579,21155,88979,22536,284726,7274
566,567,566,706,591,21155,88979,22536,284726,67276
566,567,566,706,603,21155,88979,22536,284726,101661
566,567,566,706,615,21155,88979,22536,284726,32504
567,566,706,579,615,88979,22536,284726,7274,6992
566,706,579,692,615,22536,284726,7274,239562,44365
706,579,692,692,615,284726,7274,239562,240519,26412
579,692,692,691,615,7274,239562,240519,211956,199421
692,692,691,615,615,239562,240519,211956,6992,14443
692,691,615,579,615,240519,211956,6992,19897,1771
691,615,579,615,615,211956,6992,19897,1771,43914
615,579,615,579,615,6992,19897,1771,27058,7833
579,615,579,566,615,19897,1771,27058,61955,24050
615,579,566,566,615,1771,27058,61955,53180,75879
579,566,566,788,615,27058,61955,53180,536012,13433
566,566,788,615,615,61955,53180,536012,7833,2375
566,788,615,615,615,53180,536012,7833,14443,20249
788,615,615,615,615,536012,7833,14443,2375,70309
615,615,615,635,615,7833,14443,2375,391930,89346
615,615,635,635,615,14443,2375,391930,389206,139092
615,635,635,615,615,2375,391930,389206,32504,7786
635,635,615,615,615,391930,389206,32504,26412,5612
635,615,615,615,615,389206,32504,26412,13433,16683
615,615,615,679,615,32504,26412,13433,229725,14419
615,615,679,580,615,26412,13433,229725,127939,31279
615,679,580,615,615,13433,229725,127939,5612,16037
679,580,615,615,615,229725,127939,5612,7786,13779
580,615,615,615,615,127939,5612,7786,24050,33329
615,615,615,580,615,5612,7786,24050,129309,75426
615,615,580,566,615,7786,24050,129309,93566,81319
615,580,566,615,615,24050,129309,93566,20249,83236
580,566,615,567,615,129309,93566,20249,156187,75263
566,615,567,615,615,93566,20249,156187,44365,74755
615,567,615,615,615,20249,156187,44365,14419,128115
567,615,615,615,615,156187,44365,14419,16683,33240
615,615,615,567,615,44365,14419,16683,164878,114409
615,615,567,615,615,14419,16683,164878,13779,50849
615,567,615,615,615,16683,164878,13779,16037,108250
567,615,615,579,615,164878,13779,16037,76570,107925
615,615,579,615,615,13779,16037,76570,43914,43525
615,579,615,541,615,16037,76570,43914,200655,191209
579,615,541,554,615,76570,43914,200655,195713,307139
615,541,554,591,615,43914,200655,195713,67276,7132
541,554,591,566,615,200655,195713,67276,130394,15658
566,615,590,615,602,130394,31279,231714,7132,20056
615,590,615,615,602,31279,231714,7132,33329,23225
590,615,615,566,602,231714,7132,33329,111997,13235
615,615,566,566,602,7132,33329,111997,115886,158798
615,566,566,566,602,33329,111997,115886,101012,158926
566,566,566,566,602,111997,115886,101012,100953,59314
566,566,566,579,602,115886,101012,100953,102020,156592
566,566,579,615,602,101012,100953,102020,15658,7959
566,579,615,615,602,100953,102020,15658,33240,2211
579,615,615,566,602,102020,15658,33240,110276,57619
615,615,566,602,602,15658,33240,110276,2211,173691
615,566,602,580,602,33240,110276,2211,170857,22674
566,602,580,602,602,110276,2211,170857,13235,10424
602,580,602,602,602,2211,170857,13235,7959,244716
580,602,602,602,602,170857,13235,7959,20056,100305
602,602,602,615,602,13235,7959,20056,75879,35140
602,602,615,615,602,7959,20056,75879,70309,17335
602,615,615,602,602,20056,75879,70309,23225,238222
615,615,602,602,602,75879,70309,23225,10424,9634
615,602,602,603,602,70309,23225,10424,101661,6780
602,602,603,615,602,23225,10424,101661,43525,9736
602,603,615,615,602,10424,101661,43525,50849,39866
603,615,615,602,602,101661,43525,50849,6780,67260
615,615,602,602,602,43525,50849,6780,9634,21635
615,602,602,602,602,50849,6780,9634,22674,4169
602,602,602,602,602,6780,9634,22674,9736,140999
602,602,602,602,602,9634,22674,9736,17335,18257
602,602,602,602,602,22674,9736,17335,4169,46669
602,602,602,615,602,9736,17335,4169,89346,18284
602,602,615,615,602,17335,4169,89346,75426,28446
602,615,615,615,602,4169,89346,75426,75263,19556
615,615,615,615,602,89346,75426,75263,74755,12485
615,615,615,615,602,75426,75263,74755,81319,22650
615,615,615,615,602,75263,74755,81319,83236,26581
615,615,615,602,602,74755,81319,83236,35140,97803
615,615,602,602,602,81319,83236,35140,21635,63881
615,602,602,602,602,83236,35140,21635,18257,26078
602,602,602,602,602,35140,21635,18257,18284,34951
602,602,602,602,602,21635,18257,18284,12485,3158
602,602,602,602,602,18257,18284,12485,59314,21975
602,602,602,602,602,18284,12485,59314,3158,10142
602,602,602,602,602,12485,59314,3158,19556,77980
602,602,602,602,602,59314,3158,19556,57619,8208
602,602,602,602,602,3158,19556,57619,39866,26967
602,602,602,602,602,19556,57619,39866,28446,265201
602,602,602,602,602,57619,39866,28446,22650,162951
602,602,602,602,602,39866,28446,22650,10142,36788
602,602,602,602,602,28446,22650,10142,8208,36641
602,602,602,566,602,22650,10142,8208,201245,24077
602,602,566,602,602,10142,8208,201245,26581,18976
602,566,602,602,602,8208,201245,26581,26078,39788
566,602,602,602,602,201245,26581,26078,21975,24765
602,602,602,602,602,26581,26078,21975,46669,59216
602,602,602,615,602,26078,21975,46669,108250,307613
602,602,615,615,602,21975,46669,108250,107925,36763
602,615,615,615,602,46669,108250,107925,114409,44777
615,615,615,615,602,108250,107925,114409,139092,43615
615,615,615,602,602,107925,114409,139092,34951,43840
615,615,602,602,602,114409,139092,34951,26967,62020
615,602,602,602,602,139092,34951,26967,18976,31893
602,602,602,602,602,34951,26967,18976,67260,5345
602,602,602,602,602,26967,18976,67260,24077,24274
602,602,602,615,602,18976,67260,24077,128115,14062
602,602,615,602,602,67260,24077,128115,5345,9130
602,615,602,602,602,24077,128115,5345,24765,6012
615,602,602,602,602,128115,5345,24765,36788,17535
602,602,602,602,602,5345,24765,36788,36641,18640
602,602,602,602,602,24765,36788,36641,9130,6700
602,602,602,602,602,36788,36641,9130,6012,96453
602,602,602,602,602,36641,9130,6012,14062,7043
602,602,602,602,602,9130,6012,14062,100305,169177
602,602,602,602,602,6012,14062,100305,63881,117398
602,602,602,602,602,14062,100305,63881,6700,167001
602,602,602,602,602,100305,63881,6700,39788,41691
602,602,602,602,602,63881,6700,39788,7043,196973
602,602,602,602,602,6700,39788,7043,24274,9052
602,602,602,602,602,39788,7043,24274,36763,68364
602,602,602,602,602,7043,24274,36763,17535,11808
602,602,602,602,590,24274,36763,17535,31893,699
602,602,602,590,591,36763,17535,31893,699,131897
602,602,590,602,579,17535,31893,699,18640,10627
602,590,602,615,566,31893,699,18640,199421,651
590,602,615,566,566,699,18640,199421,651,128363
602,615,566,602,553,18640,199421,651,9052,127497
615,566,602,602,553,199421,651,9052,44777,13043
566,602,602,602,553,651,9052,44777,43615,190510
602,602,602,602,553,9052,44777,43615,43840,8203
602,602,602,602,553,44777,43615,43840,11808,51373
602,602,602,579,565,43615,43840,11808,10627,8352
602,602,579,602,565,43840,11808,10627,77980,11456
602,579,602,602,565,11808,10627,77980,59216,182960
579,602,602,553,565,10627,77980,59216,8203,19982
602,602,553,553,565,77980,59216,8203,13043,44446
602,553,553,565,565,59216,8203,13043,8352,126682
553,553,565,602,565,8203,13043,8352,97803,58310
565,602,602,602,526,11456,62020,158798,158926,35488
602,602,602,602,526,62020,158798,158926,156592,17084
602,602,602,602,525,158798,158926,156592,41691,22068
602,602,602,565,524,158926,156592,41691,19982,21817
602,602,565,597,523,156592,41691,19982,660321,4328
602,565,597,596,522,41691,19982,660321,647728,34684
565,597,596,523,522,19982,660321,647728,4328,8485
597,596,523,615,521,660321,647728,4328,191209,69066
596,523,615,602,520,647728,4328,191209,140999,35791
523,615,602,526,519,4328,191209,140999,17084,3326
565,602,526,522,405,44446,68364,35488,34684,413
602,526,522,405,405,68364,35488,34684,413,47152
602,526,522,405,417,68364,35488,34684,413,33375
405,565,602,520,391,413,58310,96453,35791,2851
405,565,602,520,403,413,58310,96453,35791,4893
405,565,602,520,415,413,58310,96453,35791,25748
565,602,520,391,415,58310,96453,35791,2851,7528
602,520,391,403,415,96453,35791,2851,4893,1704
520,391,403,415,415,35791,2851,4893,1704,22239
391,403,415,415,415,2851,4893,1704,7528,153831
403,415,415,566,414,4893,1704,7528,355543,6761
415,415,566,566,413,1704,7528,355543,356184,3175
415,566,566,566,412,7528,355543,356184,356685,21785
417,415,415,521,326,33375,25748,22239,69066,32163
417,415,415,521,338,33375,25748,22239,69066,63872
417,415,415,521,350,33375,25748,22239,69066,5912
417,415,415,521,362,33375,25748,22239,69066,9203
417,415,415,521,374,33375,25748,22239,69066,62402
417,415,415,521,386,33375,25748,22239,69066,7466
417,415,415,521,398,33375,25748,22239,69066,15861
398,579,579,579,271,15861,360240,357578,361073,31706
579,579,579,579,270,360240,357578,361073,356720,21530
579,579,579,579,269,357578,361073,356720,360132,9243
579,579,579,565,268,361073,356720,360132,126682,23739
579,579,565,326,268,356720,360132,126682,32163,59200
579,565,326,269,268,360132,126682,32163,9243,8348
565,326,269,602,267,126682,32163,9243,169177,9659
326,269,602,602,266,32163,9243,169177,167001,18120
269,602,602,268,266,9243,169177,167001,8348,27165
602,602,268,615,265,169177,167001,8348,307139,10144
602,268,615,270,265,167001,8348,307139,21530,38019
615,270,267,268,253,307139,21530,9659,23739,6461
270,267,268,271,253,21530,9659,23739,31706,6564
267,268,271,265,253,9659,23739,31706,10144,11611
268,271,265,266,253,23739,31706,10144,18120,8095
271,265,266,253,253,31706,10144,18120,6461,10229
265,266,253,253,253,10144,18120,6461,6564,77442
266,253,253,374,253,18120,6461,6564,62402,41838
253,253,374,338,253,6461,6564,62402,63872,32773
253,374,338,253,253,6564,62402,63872,8095,19807
374,338,253,253,253,62402,63872,8095,11611,14364
338,253,253,253,253,63872,8095,11611,10229,6612
253,253,253,266,253,8095,11611,10229,27165,6013
602,874,831,934,64,307613,2138944,2137484,2174935,223
602,874,831,934,68,307613,2138944,2137484,2174935,383
602,874,831,934,68,307613,2138944,2137484,2174935,682
602,874,831,934,68,307613,2138944,2137484,2174935,739
64,68,68,68,64,223,383,682,739,363
68,68,68,64,71,383,682,739,363,18016
68,68,68,64,72,383,682,739,363,34444
68,68,68,64,71,383,682,739,363,14742
68,68,64,71,72,682,739,363,14742,27313
64,71,71,72,64,363,14742,18016,34444,22169
71,72,72,64,361,18016,34444,27313,22169,10607
71,72,72,64,361,18016,34444,27313,22169,15486
71,72,72,64,363,18016,34444,27313,22169,10254
71,72,72,64,363,18016,34444,27313,22169,9558
71,72,72,64,363,18016,34444,27313,22169,9895
71,72,72,64,357,18016,34444,27313,22169,11122
